1086688230265753606
1086687025435164672
1086686455378993152
1086686271982977024
1086911016028520449
1086912616356814849
1086923229682429953
1086923299224018944
1086923371324022784
1086923443583504385
1086923528316899328
1086914967872434176
1086945013978808320
1086950293915475968
1086945271739760640
1086945078814433280
1086687155982876673
757681680765386756
1086953455762190336
1086953511387045888
1086977268931575809
1086977358383534081
1087037097175859200
1087037217141415936
1087037471559483394
1087037625159110656
1087038516704489472
1087038912399372289
1087038942644523008
1087038992573517825
1087039042154311681
1087039093740064769
1087039908034809857
1087039952297304064
1087040002314457088
1087040699973976064
1087040753669468160
1087040804219207681
1087040854106222592
1087043132322181121
1087043287964413953
1087044115903250433
